                     CLIMATOLOGICAL SUMMARY for year 2015


NAME: Belmont, CA                  
ELEV: 70 feet    LAT: 37-30.94 N    LONG: 122-17.72 W


                                       TEMPERATURE (C)

                              HEAT    COOL                              MAX    MAX    MIN    MIN
          MEAN   MEAN         DEG     DEG                                >=     <=     <=     <=
 YR  MO   MAX    MIN    MEAN  DAYS    DAYS      HI  DAY     LOW  DAY     30      0      0    -20
------------------------------------------------------------------------------------------------
2015 01   20.9    6.6   12.0  196.1    0.0    26.9   31     0.7   02      0      0      0      0
2015 02   22.4    9.3   14.3  111.6    0.0    28.4   13     5.3   24      0      0      0      0
2015 03   24.2    9.3   15.4   94.8    4.5    31.9   26     5.8   04      2      0      0      0
2015 04   22.1    9.0   14.2  128.1    4.6    33.5   30     5.3   06      2      0      0      0
2015 05   18.7   10.4   13.5  122.5    0.6    27.3   01     8.1   12      0      0      0      0
2015 06
2015 07
2015 08
2015 09
2015 10
2015 11
2015 12
------------------------------------------------------------------------------------------------
          21.8    8.9   13.9  653.1    9.8    33.5  Apr     0.7  Jan      4      0      0      0


                  PRECIPITATION (in)

                  MAX         ---DAYS OF RAIN---
                  OBS.               OVER
 YR  MO  TOTAL    DAY  DATE   0.01   0.10   1.00
------------------------------------------------
2015 01   0.63   0.39    19      9      1      0
2015 02   2.52   1.16    06      5      3      2
2015 03   0.58   0.15    27      9      2      0
2015 04   1.36   0.63    07      5      3      0
2015 05   0.02   0.01    21      2      0      0
2015 06
2015 07
2015 08
2015 09
2015 10
2015 11
2015 12
------------------------------------------------
          5.10   1.16   Feb     30      9      2


           WIND SPEED (mph)

                                DOM
 YR  MO    AVG     HI   DATE    DIR
-----------------------------------
2015 01    1.0   19.0     27    333 
2015 02    3.0   45.0     06    236 
2015 03    2.9   34.9     10    268 
2015 04    5.1   32.7     01    262 
2015 05    5.8   34.9     12    252 
2015 06
2015 07
2015 08
2015 09
2015 10
2015 11
2015 12
-----------------------------------
           3.5   45.0    Feb    259

