                     CLIMATOLOGICAL SUMMARY for year 2014


NAME: Belmont, CA                  
ELEV: 70 feet    LAT: 37-30.94 N    LONG: 122-17.72 W


                                       TEMPERATURE (C)

                              HEAT    COOL                              MAX    MAX    MIN    MIN
          MEAN   MEAN         DEG     DEG                                >=     <=     <=     <=
 YR  MO   MAX    MIN    MEAN  DAYS    DAYS      HI  DAY     LOW  DAY     30      0      0    -20
------------------------------------------------------------------------------------------------
2014 01   21.7    7.0   12.8  170.2    0.0    27.9   18     4.3   01      0      0      0      0
2014 02   18.2    7.8   12.1  175.0    0.0    25.5   24     3.6   01      0      0      0      0
2014 03   22.1    9.2   14.4  121.7    0.0    29.5   15     5.8   25      0      0      0      0
2014 04   22.9    9.4   14.8  117.2   11.3    34.2   30     6.2   02      4      0      0      0
2014 05   24.9   11.5   17.0   70.1   27.4    35.7   14     9.7   12      7      0      0      0
2014 06   26.2   11.7   17.2   49.9   16.9    37.9   08     9.4   01      8      0      0      0
2014 07   27.3   13.7   19.0   12.8   32.3    36.4   25    10.4   06      8      0      0      0
2014 08   26.2   14.4   18.6   11.0   18.2    30.8   01    13.1   27      5      0      0      0
2014 09   26.9   14.0   18.8   11.5   25.0    35.3   10    11.0   10      6      0      0      0
2014 10   28.4   12.8   19.1   21.5   40.3    36.9   03     9.3   27     10      0      0      0
2014 11   22.7    9.9   14.6  112.2    0.0    28.2   08     6.6   28      0      0      0      0
2014 12   18.3    9.6   12.9  168.7    0.0    25.4   23     2.3   31      0      0      0      0
------------------------------------------------------------------------------------------------
          23.8   10.9   15.9 1041.7  171.4    37.9  Jun     2.3  Dec     48      0      0      0


                  PRECIPITATION (in)

                  MAX         ---DAYS OF RAIN---
                  OBS.               OVER
 YR  MO  TOTAL    DAY  DATE   0.01   0.10   1.00
------------------------------------------------
2014 01   0.08   0.02    11      6      0      0
2014 02   3.99   0.93    28     15      7      0
2014 03   2.04   0.52    26     11      5      0
2014 04   1.09   0.48    01      5      3      0
2014 05   1.06   0.54    02      8      2      0
2014 06   0.14   0.07    02      4      0      0
2014 07   0.00   0.00    01      0      0      0
2014 08   0.00   0.00    01      0      0      0
2014 09   0.59   0.50    25      3      1      0
2014 10   0.41   0.27    31      4      2      0
2014 11   1.29   0.41    30      9      4      0
2014 12  10.37   3.90    11     21     10      5
------------------------------------------------
         21.07   3.90   Dec     86     34      5


           WIND SPEED (mph)

                                DOM
 YR  MO    AVG     HI   DATE    DIR
-----------------------------------
2014 01    1.6   28.2     31    279 
2014 02    2.8   34.2     26    230 
2014 03    3.2   28.2     12    258 
2014 04    4.2   36.5     17    262 
2014 05    5.8   44.1     18    260 
2014 06    6.0   35.8     22    255 
2014 07    5.8   34.9     16    260 
2014 08    5.8   37.4     09    260 
2014 09    4.4   30.4     17    262 
2014 10    2.5   28.2     14    266 
2014 11    1.8   25.1     19    261 
2014 12    2.1   98.9     07    171 
-----------------------------------
           3.8   98.9    Dec    259

